27,1
27,3
38,1
38,3
36,1
36,3
35,1
35,3
26,1
26,3
39,3
37,1
37,3
0,273
0,270
58,52
58,51
58,50
58,49
58,48
58,47
58,46
58,45
58,44
58,43
58,42
58,41
58,40
58,39
58,38
58,37
58,36
58,35
14,4
10,150
10,6
10,196
10,288
10,34
10,260
10,118
10,310
11,26
11,22
11,8
11,28
11,24
11,14
11,18
9,6
9,4
8,4
8,6
8,9
8,12
0,443
56,3
56,2
56,1
56,0
55,4
55,3
55,2
55,1
55,0
53,4
53,3
53,2
53,1
53,0
51,4
51,3
51,2
51,1
51,0
49,7
49,6
49,5
49,4
49,3
49,2
49,1
49,0
45,4
45,3
45,2
45,1
45,0
44,4
44,3
44,2
44,1
44,0
43,5
43,4
43,3
43,2
43,1
43,0
42,3
42,2
42,1
42,0
40,3
40,2
40,1
40,0
39,1
39,4
20,3
20,2
20,1
19,3
19,2
